structure(c(1, 2, 3, 4, 5, 6, 7, 8, 9, 10, 11, 12, 13, 14, 15, 
16, 1, 1, 1, 1, 1, 1, 1, 1, 1, 1, 1, 1, 1, 1, 1, 1, 1, 1, 1, 
1, 1, 1, 1, 1, 1, 1, 1, 1, 2, 1, 1, 1, 1, 1, 1, 1, 1, 1, 1, 1, 
1, 1, 1, 1, 1, 1, 1, 1, 1, 1, 1, 1, 1, 1, 3, 1, 1, 1, 1, 1, 3, 
2, 1, 1, 1, 1, 1, 1, 2, 1, 4, 1, 1, 1, 1, 1, 2, 2, 1, 1, 1, 1, 
2, 3, 3, 1, 2, 1, 1, 1, 1, 1, 3, 4, 1, 1, 1, 2, 3, 4, 3, 1, 2, 
1, 1, 4, 1, 1, 4, 4, 1, 1), .Dim = c(16L, 8L))
